178.479999999981      716.449999999953                  10.3
176.880000000121      716.570000000065                 10.16
174.959999999963      715.719999999972                 10.01
175.709999999963      715.119999999995                 10.08
176.989999999991      714.650000000023                  10.1
175.739999999991      714.030000000028                 10.08
174.290000000037      713.270000000019      9.91000000000003
174.030000000028      713.380000000005      9.91000000000003
174.939999999944      713.410000000033      9.94999999999999
175.929999999935                720.25                 10.25
171.5      725.310000000056                 10.25
172.300000000047      724.839999999967                 10.26
172.050000000047      722.260000000009                  10.2
171.729999999981      722.530000000028                 10.19
171.25      719.390000000014                  10.1
167.800000000047      704.589999999967      9.79000000000002
167.209999999963      704.280000000028      9.90000000000003
168.169999999925      703.280000000028      9.78000000000003
167.630000000121      700.989999999991      9.74000000000001
171.219999999972      700.079999999958      9.90000000000003
171.310000000056      699.109999999986                  9.94
171.979999999981      698.060000000056      9.94999999999999
170.649999999907      695.609999999986                  9.94
169.209999999963      695.369999999995      9.83000000000004
168.429999999935      694.790000000037      9.80000000000001
166.189999999944      698.079999999958                  9.69
164.199999999953      698.290000000037      9.81999999999999
163.630000000121      697.170000000042      9.80000000000001
162.89000000013      695.780000000028      9.65000000000003
164.89000000013      695.780000000028                  9.63
165.600000000093      690.219999999972      9.63999999999999
164.719999999972      687.810000000056                  9.63
166.110000000102      687.060000000056      9.71000000000004
165.600000000093      686.160000000033      9.71000000000004
164.229999999981      686.890000000014                  9.62
162.080000000075      680.510000000009      9.52000000000004
162.290000000037      680.060000000056      9.52000000000004
161.870000000112      679.219999999972      9.59000000000003
160.75      677.339999999967      9.60000000000002
159.459999999963      675.089999999967      9.46000000000004
158.219999999972      677.709999999963      9.34000000000003
158.830000000075      677.209999999963      9.34000000000003
156.159999999916      679.869999999995                  9.31
154.040000000037      675.940000000061      9.23000000000002
153.010000000009      674.940000000061      9.17000000000002
152.300000000047      675.030000000028                  9.19
153      677.550000000047      9.34000000000003
151.800000000047      675.609999999986      9.23000000000002
149.399999999907      671.140000000014                  9.12
150.350000000093      671.020000000019      9.06999999999999
150.590000000084      670.109999999986      9.06999999999999
147.969999999972      671.570000000065                  9.12
157.760000000009      674.660000000033      9.30000000000001
157.530000000028      674.119999999995      9.29000000000002
154.020000000019      668.650000000023      9.18000000000001
153.070000000065      666.030000000028      9.13999999999999
155.290000000037      667.890000000014      9.43000000000001
154.350000000093      668.400000000023      9.19999999999999
153.840000000084      667.449999999953      9.16000000000003
154.760000000009      666.979999999981      9.43000000000001
153.520000000019      664.709999999963      9.21000000000004
151.270000000019      660.780000000028      9.15000000000003
150.5      661.270000000019      9.04000000000002
149.120000000112      660.729999999981      8.96000000000004
146.860000000102      655.940000000061                  8.81
148.199999999953      657.540000000037      8.88999999999999
148.060000000056                   657      8.88999999999999
148.380000000121      656.839999999967      8.90000000000003
148.659999999916      656.310000000056                     9
143.780000000028      659.160000000033      8.77000000000004
141.850000000093      656.579999999958      8.86000000000001
142.729999999981      654.729999999981      8.77000000000004
147.360000000102      653.790000000037      8.94999999999999
147.340000000084      664.339999999967      8.91000000000003
145.030000000028      659.969999999972      8.84000000000003
141.469999999972      647.959999999963      8.60000000000002
139.959999999963      646.670000000042                  8.62
143.630000000121      644.699999999953      8.63999999999999
138.909999999916      633.300000000047                  8.44
136.300000000047                634.75      8.44999999999999
134.340000000084      636.910000000033                  8.37
137.330000000075      634.140000000014      8.44999999999999
132.39000000013      629.219999999972                  8.12
129.75      622.140000000014                  7.87
131.820000000065      619.709999999963      7.88999999999999
125.370000000112      617.089999999967      7.53000000000003
121.699999999953      610.010000000009      7.36000000000001
123.729999999981      607.780000000028      7.41000000000003
125.380000000121                600.75                  7.13
132.939999999944      619.839999999967      7.78000000000003
124.860000000102      606.380000000005      6.90000000000003
120.620000000112      600.640000000014      6.74000000000001
121.729999999981      597.780000000028      6.68000000000001
115.560000000056      590.010000000009      6.47000000000003
113.380000000121      589.979999999981      6.38999999999999
112.360000000102      591.209999999963      6.84000000000003
109.580000000075      592.800000000047                  6.75
113.800000000047      595.410000000033                  6.94
108.429999999935      593.099999999977      6.55000000000001
108.290000000037                   595      6.43000000000001
107.320000000065      591.699999999953      6.23000000000002
110.020000000019      585.140000000014      6.35000000000002
103.14000000013      584.239999999991                  6.13
105.100000000093      576.969999999972      6.04000000000002
104.459999999963      575.170000000042      5.92000000000002
103.120000000112      575.410000000033      6.29000000000002
100.530000000028      576.940000000061      6.23000000000002
99.3600000001024      577.699999999953      5.83000000000004
98.4399999999441      575.530000000028      5.86000000000001
100.540000000037      568.119999999995      5.92000000000002
93.8200000000652      567.209999999963      5.66000000000003
95.7299999999814      559.400000000023      5.73000000000002
89.0200000000186      558.109999999986      5.48000000000002
87.4099999999162      556.310000000056      5.25999999999999
88.6799999999348      555.609999999986      5.67000000000002
91.2700000000186      554.040000000037      5.77000000000004
92.3600000001024      553.599999999977      5.44999999999999
90.5500000000466      550.680000000051      5.38999999999999
88.5600000000559      552.449999999953      5.68000000000001
83.9699999999721      549.440000000061      5.29000000000002
85.9299999999348      542.260000000009      5.08000000000004
79.2099999999627      540.810000000056      5.15000000000003
76.8200000000652      537.479999999981      4.90000000000003
77.8100000000559      536.430000000051      5.21000000000004
80.3999999999069                534.75      5.25999999999999
81.6000000000931      534.479999999981      4.86000000000001
80.8500000000931      533.290000000037                  4.75
74.3600000001024      532.070000000065      4.93000000000001
76.2600000000093                 524.5      4.65000000000003
69.6999999999534      523.239999999991                  4.69
67.8000000000466      520.199999999953      4.41000000000003
68.8000000000466      519.089999999967      4.73000000000002
71.5500000000466      517.619999999995      4.77000000000004
72.7700000000186      517.050000000047                  4.44
71.2099999999627      518.070000000065      4.81999999999999
71.7900000000373      515.489999999991      4.48000000000002
67.9499999999534      509.410000000033      4.59000000000003
69.2700000000186      509.060000000056      4.25999999999999
65.2199999999721      510.979999999981      4.55000000000001
63.9799999999814      512.010000000009                  4.13
63.5800000000745      510.040000000037      4.08000000000004
67.1400000001304      503.070000000065      4.16000000000003
65.7099999999627      497.959999999963      3.99000000000001
64.4699999999721      497.849999999977      4.33000000000004
61.5800000000745      498.570000000065      4.28000000000003
60.3800000001211      499.119999999995      3.96000000000004
59.8100000000559      497.300000000047      3.92000000000002
63.8200000000652                 489.5      3.92000000000002
62.5600000000559      484.560000000056      3.84000000000003
61.5400000000373                 484.5      4.13999999999999
58.6200000001118      485.089999999967      4.02000000000004
57.3200000000652      485.540000000037                  3.63
56.9399999999441      483.380000000005      3.74000000000001
59.9799999999814      479.940000000061      4.04000000000002
61.3700000001118      475.560000000056      3.58000000000004
55.0600000000559      469.560000000056                  3.44
59.8200000000652      462.190000000061      3.25999999999999
59.3300000000745      458.790000000037      3.17000000000002
58.3200000000652      458.540000000037      3.44999999999999
55.2900000000373      458.619999999995      3.35000000000002
53.8800000001211      455.579999999958      3.10000000000002
53.9499999999534      444.979999999981                  3.06
52.25      444.060000000056      2.60000000000002
52.3100000000559      442.790000000037      2.59000000000003
56.9399999999441      443.839999999967                  3.13
57.6799999999348      443.839999999967      2.81999999999999
52.8900000001304      440.190000000061                  2.94
51.3300000000745      429.109999999986      2.44999999999999
50.9499999999534      422.849999999977      2.30000000000001
50.5      420.310000000056      2.13999999999999
51.8100000000559      419.680000000051                  2.62
54.9699999999721      419.300000000047      2.71000000000004
55.9899999999907                   419      2.41000000000003
50.6000000000931      415.650000000023      2.17000000000002
55.5600000000559      411.440000000061      2.35000000000002
50.4099999999162      408.760000000009                  1.94
55.2700000000186      404.410000000033                  2.19
50.2099999999627      401.359999999986      1.77000000000004
52.1200000001118      400.859999999986      2.27000000000004
55.5900000000838      400.320000000065      1.97000000000003
54.4499999999534      400.369999999995                  2.31
51.3800000001211      400.050000000047      2.21000000000004
50      399.869999999995      1.63999999999999
55.5800000000745      397.739999999991      1.98000000000002
55.75      390.520000000019      1.77000000000004
56.6499999999069      383.030000000028                   1.5
55.3800000001211      382.709999999963                  1.94
52.1999999999534      382.349999999977      1.86000000000001
50.8200000000652      382.329999999958      1.35000000000002
51.4499999999534      380.969999999972      1.71000000000004
52.1999999999534      373.199999999953                   1.5
53.1200000001118                 366.5      1.13999999999999
58.4799999999814      367.089999999967      1.48000000000002
59.3600000001024      363.979999999981                  1.31
58.1200000001118      363.209999999963                  1.63
55.0500000000466      362.760000000009                   1.5
53.5      362.459999999963                  1.06
56.3800000001211                 358.5      1.49000000000001
59.4899999999907      360.030000000028                  1.37
60.6899999999441      352.790000000037      1.30000000000001
54.9599999999627      350.099999999977     0.689999999999998
56.8100000000559      350.280000000028      1.30000000000001
59.8800000001211      350.510000000009      1.40000000000003
61.6400000001304      350.670000000042      1.13999999999999
56.1699999999255      345.369999999995     0.770000000000039
61.4199999999255      345.699999999953      1.30000000000001
61.6100000001024      342.910000000033      1.18000000000001
61.8700000001118      340.219999999972      1.08000000000004
57.0800000000745      337.869999999995     0.650000000000034
57.4599999999627      330.949999999953     0.410000000000025
58.9399999999441      330.719999999972     0.990000000000009
61.9099999999162      331.150000000023      1.09000000000003
62.8600000001024      331.329999999958     0.900000000000034
64.0500000000466      328.339999999967     0.910000000000025
64.6699999999255      325.599999999977     0.920000000000016
64.7099999999627      323.109999999986      1.00999999999999
65.3000000000466      317.199999999953     0.800000000000011
65.7800000000279      313.390000000014     0.830000000000041
63.7700000000186      308.670000000042      2.36000000000001
60.5700000000652      311.170000000042      0.79000000000002
59.1499999999069      309.209999999963     0.300000000000011
60.3000000000466      308.859999999986     0.759999999999991
63.2700000000186      308.820000000065     0.850000000000023
64.1300000001211      308.420000000042     0.670000000000016
66.3900000001304      307.290000000037     0.759999999999991
64.9099999999162      298.729999999981     0.569999999999993
64.0900000000838      298.459999999963     0.770000000000039
61.3100000000559      297.650000000023     0.639999999999986
60.6100000001024      295.160000000033     0.259999999999991
67.8700000001118      297.989999999991     0.730000000000018
67.9599999999627      285.199999999953                  0.75
65.1699999999255      284.560000000056     0.689999999999998
55.7600000000093      287.690000000061                     0
62.7299999999814                 284.5     0.160000000000025
64.5900000000838      283.630000000005     0.189999999999998
69.1100000001024      284.800000000047     0.189999999999998
71.4399999999441      285.479999999981     0.420000000000016
71.4899999999907      285.900000000023     0.590000000000032
69.7600000000093      285.670000000042     0.610000000000014
69      285.369999999995     0.629999999999995
69.2199999999721      284.040000000037     0.629999999999995
70.0700000000652      284.239999999991     0.550000000000011
71.6699999999255      284.900000000023     0.689999999999998
69.0500000000466      271.719999999972     0.830000000000041
67.5300000000279      269.140000000014     0.110000000000014
69.4299999999348      268.969999999972     0.810000000000002
72.4699999999721      269.109999999986     0.920000000000016
79.3800000001211      245.900000000023      1.18000000000001
76.7199999999721      244.520000000019      1.08000000000004
74.75      243.449999999953     0.420000000000016
77.0200000000186      235.859999999986     0.639999999999986
78.7800000000279      233.760000000009     0.870000000000005
83.3600000001024      223.849999999977      1.31999999999999
81.4599999999627      223.229999999981     0.900000000000034
85.1200000001118      224.829999999958      1.42000000000002
86.2700000000186      224.839999999967                  1.44
90.1499999999069      211.920000000042      1.52000000000004
87.3500000000931      210.589999999967                  1.44
85.1200000001118      210.780000000028      1.02000000000004
87.8500000000931      195.190000000061      1.02000000000004
91.0900000000838      195.880000000005      1.44999999999999
94.2299999999814      195.890000000014      1.53000000000003
95.3900000001304      195.949999999953      1.86000000000001
91.3400000000838      190.619999999995      1.44999999999999
92.7700000000186                183.75      1.46000000000004
93.9599999999627      177.199999999953      1.42000000000002
95.5600000000559      174.010000000009      1.38999999999999
97.0900000000838      174.050000000047      1.47000000000003
98.6999999999534      174.079999999958      1.50999999999999
99.9099999999162      174.130000000005      1.94999999999999
95.0100000000093      170.239999999991                  1.31
95.9499999999534      163.260000000009      1.33000000000004
96.5      156.160000000033      1.35000000000002
98.5      154.119999999995      1.36000000000001
97.2199999999721      149.359999999986      1.22000000000003
98.3700000001118      147.770000000019      1.31999999999999
101.479999999981      147.800000000047                  1.38
103.080000000075      147.660000000033                  1.88
97.8000000000466      142.320000000065      1.25999999999999
103.010000000009      139.140000000014      1.49000000000001
98.1799999999348      135.390000000014      1.30000000000001
103.510000000009      132.160000000033      1.46000000000004
104.550000000047      131.440000000061      1.65000000000003
102.679999999935      130.810000000056      1.34000000000003
99.6000000000931      130.459999999963                  1.31
98.3200000000652      128.359999999986      1.04000000000002
103.739999999991      125.300000000047      1.29000000000002
98.9699999999721      121.380000000005     0.949999999999989
97.8999999999069      118.690000000061     0.620000000000005
100.14000000013      118.570000000065      1.15000000000003
101.840000000084      118.780000000028      1.21000000000004
103.090000000084      118.829999999958      1.21000000000004
103.929999999935      118.199999999953                  1.13
99.0700000000652      114.410000000033     0.759999999999991
104.399999999907      111.339999999967      1.06999999999999
99.3300000000745      107.579999999958     0.740000000000009
104.510000000009      104.709999999963     0.889999999999986
99.6599999999162      100.589999999967     0.650000000000034
98.3999999999069      98.5400000000373     0.300000000000011
100.820000000065      98.4200000000419     0.889999999999986
103.909999999916      98.4100000000326     0.949999999999989
104.810000000056       97.609999999986                  0.75
105.080000000075      90.6999999999534     0.699999999999989
104.840000000084      76.8399999999674     0.670000000000016
101.719999999972      76.2299999999814     0.580000000000041
100.340000000084      76.0200000000186    0.0600000000000023
105.699999999953       68.890000000014     0.590000000000032
105.040000000037      63.7299999999814     0.480000000000018
102      63.7399999999907     0.460000000000036
100.050000000047      64.5200000000186    0.0300000000000296
100.770000000019      61.3200000000652     0.439999999999998
101.070000000065      50.6600000000326     0.230000000000018
103.979999999981                    50      0.28000000000003
105.090000000084      51.4300000000512     0.379999999999995
113.860000000102      652.680000000051      8.05000000000001
88.4799999999814      671.880000000005      7.65000000000003
85.7900000000373      674.650000000023      7.63999999999999
98.8600000001024      693.270000000019      8.31999999999999
99.4699999999721      693.109999999986      8.59000000000003
103.939999999944      700.140000000014      8.69999999999999
102.630000000121      701.190000000061      8.84000000000003
105.840000000084      706.339999999967                  8.94
98.5700000000652      711.030000000028      8.56999999999999
94.3600000001024      708.180000000051      8.44999999999999
92.5200000000186      708.989999999991      8.38999999999999
76.2600000000093      720.050000000047      7.93000000000001
79.25      723.869999999995                  7.88
78.0900000000838      724.849999999977      7.86000000000001
63.3900000001304      738.369999999995      7.42000000000002
154.020000000019      652.930000000051      9.08000000000004
180.949999999953      636.160000000033      9.53000000000003
206.25      651.900000000023                 10.73
208.020000000019      652.920000000042                 10.73
197.050000000047      674.810000000056                 10.55
182.729999999981      706.680000000051                 10.26
164.550000000047      737.540000000037                 10.13
164.360000000102      738.190000000061                  10.1
165.570000000065      739.449999999953                 10.12
160.429999999935      748.329999999958                 10.17
159.179999999935      747.239999999991                 10.29
155.14000000013      752.719999999972                 10.18
152.800000000047      751.719999999972                 10.26
151.810000000056      751.140000000014                 10.39
151.040000000037                   752                 10.21
148.449999999953      755.449999999953                 10.21
148.239999999991      755.770000000019                 10.29
149.760000000009      756.810000000056                 10.17
151.39000000013                   758                 10.16
152.179999999935      758.849999999977                 10.02
151.380000000121      760.969999999972                 10.04
149.969999999972      761.290000000037                 10.09
147.520000000019      763.199999999953                 10.08
143.370000000112      767.599999999977                 10.09
142.929999999935      767.790000000037                 10.02
140.620000000112      768.469999999972                 10.07
143.679999999935                769.75      9.92000000000002
142.040000000037      769.880000000005      9.84000000000003
140.929999999935      769.520000000019      9.74000000000001
139.929999999935      768.670000000042      9.75999999999999
137.860000000102      769.079999999958      9.66000000000003
134.449999999953      769.739999999991      9.54000000000002
135.949999999953      774.140000000014      9.56999999999999
136.489999999991      775.320000000065      9.54000000000002
136.419999999925      777.359999999986      9.72000000000003
140.159999999916      782.560000000056                  9.81
140.130000000121      786.170000000042      9.74000000000001
144.530000000028      781.619999999995                 10.05
144.219999999972      781.260000000009                 10.03
144.909999999916      776.709999999963      9.86000000000001
147.010000000009      778.280000000028                 10.06
150.479999999981      775.030000000028                 10.18
151.060000000056      775.660000000033      9.99000000000001
151.75      773.709999999963                 10.29
151.939999999944      773.079999999958                 10.22
152.239999999991      772.699999999953                 10.26
152.830000000075      772.540000000037                 10.29
151.360000000102      770.930000000051                 10.11
155.010000000009      771.520000000019                 10.24
156.050000000047      767.079999999958                 10.23
156.030000000028      764.310000000056                 10.16
156.689999999944      766.180000000051                 10.23
158.850000000093      765.979999999981                 10.02
158.989999999991                766.25                 10.03
159.780000000028      767.260000000009                 10.24
159.580000000075      767.079999999958                 10.13
160.169999999925      766.410000000033                 10.05
162.64000000013      763.739999999991                 10.09
163.810000000056      763.180000000051                  10.1
164.479999999981      762.829999999958                 10.12
164.689999999944      762.670000000042                 10.14
163.699999999953      760.690000000061                 10.31
163.280000000028      760.219999999972                 10.32
157.729999999981      763.339999999967                 10.15
157.070000000065      764.790000000037                 10.15
160.75      760.089999999967                 10.25
160.770000000019      758.900000000023                 10.21
160.979999999981      758.690000000061                 10.21
162.229999999981      759.040000000037                 10.24
163.909999999916      758.270000000019                 10.23
164.040000000037                 757.5                 10.23
165.610000000102      757.880000000005                  10.2
166.729999999981                   760                 10.31
167.630000000121      761.290000000037                 10.24
168.080000000075      761.810000000056                  10.2
168.949999999953      763.060000000056                 10.09
171.649999999907      760.920000000042                 10.11
170.64000000013      759.949999999953                 10.19
169.75                758.75                 10.21
169.699999999953      757.650000000023                 10.11
169.979999999981      757.670000000042                 10.12
171.14000000013      758.300000000047                 10.18
171.830000000075      756.459999999963                 10.13
174.179999999935      758.109999999986                 10.34
179.080000000075      756.829999999958                 10.44
179.199999999953      755.940000000061                 10.31
180.209999999963      753.099999999977                 10.32
180.040000000037      752.760000000009                  10.4
175.189999999944                 752.5                 10.45
174.300000000047      752.199999999953                 10.41
174.459999999963      753.349999999977                 10.22
172.300000000047      753.130000000005                 10.13
170.040000000037      752.920000000042                 10.15
167.64000000013      751.940000000061                 10.19
167.580000000075                750.75                 10.21
167.959999999963      750.709999999963                 10.22
169      751.070000000065                 10.23
170.719999999972      749.320000000065                 10.18
173.25      750.050000000047                 10.45
172.939999999944      750.300000000047                 10.34
173.679999999935      751.510000000009                 10.35
174.020000000019      751.290000000037                 10.53
171.909999999916      747.969999999972                 10.27
169.020000000019      748.109999999986                 10.22
164.570000000065      754.479999999981                 10.22
164.610000000102      753.910000000033                 10.21
164.939999999944      752.329999999958                 10.24
173.880000000121      744.130000000005                  10.3
174.25      743.550000000047                 10.32
174.14000000013      738.849999999977                 10.34
179.810000000056      728.079999999958                 10.38
181.790000000037      727.359999999986                 10.38
181.209999999963      722.920000000042                 10.39
181.760000000009      722.680000000051                 10.37
181.64000000013      722.119999999995                 10.37
185.899999999907      720.869999999995                 10.38
186.600000000093      719.880000000005                 10.39
188.5      716.570000000065                 10.41
186.880000000121      714.119999999995                 10.42
187.5      714.949999999953                 10.07
178.370000000112      713.349999999977                  9.94
183.239999999991      704.869999999995                 10.09
184.5      705.209999999963                 10.54
189.959999999963      707.699999999953                 10.49
191.030000000028      708.209999999963                 10.05
191.050000000047      711.599999999977                 10.58
196.699999999953      700.890000000014                 10.57
198.669999999925      693.449999999953                 10.14
197.449999999953      692.690000000061                 10.65
197.300000000047      691.020000000019                  10.7
192.969999999972      689.160000000033                 10.75
191.590000000084      688.390000000014                 10.16
206.489999999991      677.699999999953                 10.41
207.790000000037      678.310000000056                 10.87
207.260000000009      677.949999999953                 10.77
207.979999999981      677.630000000005                    11
208.340000000084      677.160000000033                 11.01
208.570000000065      676.660000000033                 11.03
205.719999999972      676.520000000019                 10.85
206.600000000093      674.099999999977                 10.87
210.290000000037      673.459999999963                 10.96
210.610000000102      672.930000000051                 10.97
211.489999999991      673.390000000014                 10.98
211.929999999935      672.260000000009                 10.99
211.580000000075      671.469999999972                    11
211.709999999963      670.690000000061                 10.97
214.060000000056      666.239999999991                 10.98
211.729999999981      664.930000000051                 10.92
211.600000000093      664.440000000061                 10.89
206.600000000093      661.290000000037                 10.89
205.429999999935      660.729999999981                 10.35
217.610000000102      659.180000000051                 11.01
218.020000000019      659.390000000014                 10.78
215.120000000112      657.920000000042                 10.89
218.679999999935      650.900000000023                 10.87
221.399999999907      652.160000000033                 11.03
218.550000000047      648.390000000014                 10.89
220.010000000009      647.070000000065                 10.85
222.090000000084      644.030000000028                 10.84
224.820000000065      645.359999999986                 11.02
217.380000000121      640.329999999958                 10.88
216.090000000084      639.550000000047                 10.36
228.179999999935      638.310000000056                 11.01
231.979999999981      630.570000000065                    11
232.39000000013      629.790000000037                    11
232.610000000102      629.410000000033                 11.02
233.239999999991      628.160000000033                 11.05
233.439999999944      627.790000000037                 11.06
235.189999999944      624.260000000009                 11.02
231.110000000102      624.780000000028                 10.79
233.130000000121      622.010000000009                 10.77
228.110000000102      619.030000000028                 10.85
226.679999999935      618.229999999981                 10.25
238.520000000019      617.420000000042                 10.97
241.610000000102      611.339999999967                 10.98
242.340000000084      610.170000000042                 10.97
243.020000000019      608.719999999972                 10.59
241.659999999916      608.609999999986                 10.11
240.149999999907      608.880000000005                 10.78
239.989999999991      605.780000000028                 10.83
246.479999999981      597.820000000065                 10.77
247.959999999963      598.589999999967                  10.3
241.820000000065      594.369999999995                 10.94
240.719999999972      593.359999999986                 10.44
250.260000000009      592.989999999991                 10.81
259.290000000037      579.260000000009                 10.88
259.919999999925      579.290000000037                 10.92
260.580000000075      579.940000000061                 10.25
261.580000000075      580.530000000028                 10.86
260.830000000075      578.310000000056                 10.97
262.760000000009      577.310000000056                 10.96
264.050000000047      576.949999999953                 10.94
262.219999999972      579.579999999958                 11.11
262.949999999953      579.030000000028                 11.15
263.969999999972      578.820000000065                 11.18
265.689999999944      576.859999999986                 10.96
266.429999999935      577.209999999963                 11.04
265.860000000102      578.660000000033                 11.18
266.020000000019      579.410000000033                 11.34
269.260000000009      575.810000000056                 11.12
268.590000000084      575.089999999967                 11.07
268.169999999925      574.280000000028                 10.98
270.5      574.130000000005                 11.32
272.100000000093      575.810000000056                  11.3
270.300000000047      571.729999999981                 11.24
270.530000000028      569.479999999981                 11.11
271.110000000102      568.869999999995                 10.55
270.320000000065      568.079999999958                 10.17
267.860000000102      571.349999999977                 11.02
268.110000000102      569.869999999995                 11.02
269.469999999972      567.489999999991                 10.92
263.229999999981      571.459999999963                 10.96
262.979999999981      572.719999999972                 10.93
263.120000000112      573.099999999977                 10.92
262.679999999935      573.270000000019                 10.93
254.979999999981      575.199999999953                    11
254.030000000028      574.270000000019                 10.32
266.64000000013      561.290000000037                 11.07
265.380000000121      560.329999999958                 10.37
275.760000000009      549.469999999972                 11.03
282.090000000084      542.170000000042                 10.66
283.600000000093      542.660000000033                 11.21
287.219999999972      546.579999999958                  11.1
288.260000000009      547.690000000061                 10.45
297.159999999916      540.190000000061                 11.18
294.130000000121      538.050000000047                 11.18
302.310000000056      530.729999999981                 11.19
307.820000000065      525.770000000019                 11.19
308.590000000084      526.839999999967                 10.68
304.239999999991      521.130000000005                 11.26
303.439999999944      520.160000000033                 10.88
318.989999999991      518.280000000028                 11.03
319.380000000121      518.619999999995                 11.21
319.860000000102      518.060000000056                 11.23
319.550000000047                517.75                 11.12
325.050000000047      508.310000000056                 11.41
326.409999999916      505.890000000014                 11.43
329.899999999907      505.949999999953                 10.89
329.070000000065                504.75                 11.42
325.179999999935      500.349999999977                 11.44
324.239999999991      499.660000000033                 11.07
344.189999999944      493.320000000065                 11.26
344.600000000093      493.660000000033                 11.44
345.729999999981      492.520000000019                 11.49
345.439999999944      492.209999999963                 11.22
348.850000000093      487.510000000009                 11.02
347.939999999944      485.969999999972                 11.62
344.229999999981                 481.5                 11.63
343.419999999925      480.739999999991                 10.97
359.709999999963      474.150000000023                 11.76
366.840000000084      470.869999999995                 11.44
367.330000000075      470.300000000047                 11.54
373.709999999963      463.280000000028                 11.39
374.189999999944      463.670000000042                 12.16
375.189999999944      462.729999999981                 12.12
373.020000000019      462.530000000028                 11.91
373.290000000037                462.25                 11.97
372.669999999925      461.690000000061                 11.94
373.739999999991      460.430000000051                 11.91
369.600000000093      456.410000000033                 11.96
368.75      455.859999999986                  11.4
382.030000000028                   456                 12.13
382.899999999907      455.060000000056                 11.87
382.469999999972      454.599999999977                 11.53
381.760000000009      453.910000000033                 12.14
381.479999999981      454.109999999986                 12.05
380.929999999935      453.540000000037                 12.06
382.350000000093      451.829999999958                 12.07
389.979999999981                   448                 12.06
390.459999999963      447.520000000019                 12.04
391.649999999907      441.160000000033                  12.3
398.899999999907      437.630000000005                 11.73
397.909999999916      436.239999999991                 12.41
393.969999999972      432.109999999986                 12.57
393.199999999953      431.349999999977                 12.04
395.399999999907      427.079999999958                 12.38
405.880000000121      418.420000000042                 12.46
406.870000000112      419.329999999958                 12.94
410.010000000009      424.459999999963                 12.74
411.949999999953      424.109999999986                 12.79
409.75      427.410000000033                 12.03
412.580000000075      425.380000000005                 12.14
414.179999999935      427.050000000047                 13.06
413.110000000102      424.239999999991                 12.85
415.840000000084      425.089999999967                 12.91
422.820000000065      420.800000000047                 13.15
423.790000000037      421.150000000023                 13.23
424.270000000019      420.810000000056                  13.3
423.719999999972      418.900000000023                 13.28
423.580000000075      416.900000000023                 13.25
422.300000000047      416.979999999981                  13.2
421.010000000009      416.619999999995                 13.06
416.100000000093      418.959999999963                 12.91
416.149999999907      418.140000000014                 12.94
415.020000000019      418.459999999963                 12.91
414.929999999935      417.869999999995                 12.96
415.969999999972      417.219999999972                 12.99
421.479999999981      417.849999999977                 13.09
421.189999999944      415.849999999977                 13.07
421.459999999963      414.349999999977                 13.08
422.64000000013      412.140000000014                 13.13
422.469999999972      413.449999999953                 13.21
423.340000000084      415.849999999977                 13.25
423.770000000019      414.660000000033                 13.26
425.320000000065      413.229999999981                 13.28
427.409999999916      411.190000000061                 13.31
428.399999999907      410.209999999963                 13.34
428.300000000047      407.300000000047                 13.45
429      406.469999999972                 13.44
428.770000000019      406.219999999972                 13.37
425.270000000019      401.959999999963                 13.59
424.280000000028      400.780000000028                 13.14
415      408.859999999986                 13.18
428.260000000009      397.579999999958                 13.63
431.260000000009      407.550000000047                 13.59
432.280000000028      406.579999999958                 13.66
434.5      404.709999999963                 13.69
433.739999999991      401.699999999953                 13.51
434.209999999963      402.369999999995                 13.62
440.360000000102      397.099999999977                 13.84
439.800000000047      396.310000000056                 13.73
439.760000000009      399.690000000061                 13.84
438.350000000093      401.339999999967                 13.81
439.429999999935      400.369999999995                 13.89
442.659999999916      397.650000000023                 13.95
445.409999999916      395.260000000009                 14.01
446.5      394.349999999977                    14
445.880000000121      391.900000000023                 13.96
446.370000000112      391.440000000061                 13.98
448.979999999981      392.219999999972                 14.13
449.649999999907      391.640000000014                 14.17
453.550000000047      388.290000000037                 14.22
452.800000000047      386.479999999981                 14.14
452.010000000009      385.630000000005                    14
452.679999999935      385.050000000047                 14.02
453.419999999925      385.880000000005                 14.03
453.830000000075      385.540000000037                 14.05
453.449999999953      385.320000000065                 14.02
452.419999999925      384.140000000014                 14.02
454.39000000013      383.570000000065                 14.06
457.669999999925      384.719999999972                 14.37
458.360000000102      383.699999999953                 14.33
436.520000000019      391.339999999967                 13.86
434.899999999907      390.719999999972                  13.4
444.330000000075      380.949999999953                 14.52
446.590000000084      380.310000000056                 13.78
462.149999999907      367.020000000019                 13.93
463.300000000047      367.699999999953                 14.38
467.570000000065      374.040000000037                 14.56
466.649999999907      373.030000000028                 14.36
467.350000000093      376.699999999953                 14.86
468.300000000047      375.910000000033                 14.85
469.620000000112      374.719999999972                 14.84
472.709999999963      372.209999999963                 14.85
477.469999999972      368.229999999981                 14.84
478.030000000028      367.810000000056                 14.81
478.800000000047      367.119999999995                 14.86
479.020000000019      367.380000000005                 14.86
478.770000000019      366.469999999972                 14.87
481.350000000093      365.300000000047                 14.95
484.320000000065      362.729999999981                 14.96
485.409999999916                361.75                 14.98
482.800000000047      359.479999999981                 14.59
483.64000000013      360.530000000028                 14.85
479.699999999953      353.849999999977                 14.61
478.810000000056      352.680000000051                 13.99
488.810000000056      354.339999999967                 14.66
489.719999999972      355.339999999967                 14.69
490.120000000112      355.040000000037                 14.68
489.770000000019      354.849999999977                 14.66
490.489999999991      352.969999999972                  14.7
490.380000000121      351.949999999953                 14.74
502.820000000065      346.609999999986                 15.21
500.830000000075      347.880000000005                 15.12
504.179999999935      342.420000000042                 15.12
500.149999999907      337.030000000028                 15.02
498.939999999944      335.479999999981                  14.2
498.820000000065      336.449999999953                 14.56
507.850000000093      337.430000000051                 15.11
513.290000000037      335.380000000005                 15.29
512.550000000047      334.520000000019                  15.2
517.219999999972      330.640000000014                 15.33
517.89000000013      331.400000000023                 15.42
520.120000000112      329.570000000065                 15.43
519.550000000047                328.75                 15.37
520.399999999907      331.260000000009                 15.48
523.030000000028      329.820000000065                 15.66
521.14000000013      327.479999999981                 15.41
521.449999999953      327.239999999991                 15.41
522.080000000075      327.940000000061                 15.42
522.64000000013                326.25                  15.4
523.209999999963      326.979999999981                 15.45
522.39000000013      327.060000000056                 15.32
523.669999999925      328.209999999963                 15.75
523.590000000084      326.380000000005                 15.18
527.89000000013      321.170000000042                 15.57
528.449999999953      319.520000000019                 15.63
529.209999999963      319.719999999972                 15.63
531.120000000112      321.170000000042                 15.67
530.699999999953      321.430000000051                 15.61
519.380000000121      319.420000000042                 14.75
520.080000000075      320.550000000047                 15.48
515.270000000019      320.770000000019                 14.48
536.770000000019      317.570000000065                 15.99
544.290000000037      309.160000000033                 15.86
543.880000000121      308.160000000033                 16.11
540.530000000028      303.489999999991                  16.1
525.270000000019      314.650000000023                 15.04
537.909999999916      303.949999999953                 15.38
553.899999999907      290.270000000019                 16.25
555.479999999981      290.839999999967                 16.76
559.14000000013      295.280000000028                  16.8
559.199999999953      296.459999999963                 16.48
558.419999999925                298.75                 16.66
547.649999999907      308.199999999953                 16.26
573.080000000075      286.190000000061                 17.56
573.080000000075      286.190000000061                 17.56
583.959999999963      275.579999999958                 17.42
584.830000000075      276.390000000014                 17.65
583.929999999935      274.369999999995                 17.71
580.489999999991      269.820000000065                 17.76
579.689999999944      268.869999999995                 17.38
585.760000000009      262.390000000014                 17.77
594.090000000084      268.729999999981                 17.91
604.149999999907      259.599999999977                 18.73
613.860000000102      250.339999999967                 18.18
613.540000000037      249.560000000056                 18.56
610.320000000065      244.560000000056                 18.57
609.840000000084      243.430000000051                 18.17
607.590000000084      244.619999999995                 18.08
127.739999999991      613.320000000065      7.65000000000003
152.070000000065      666.729999999981                  11.7
59.1100000001024      308.989999999991      2.17000000000002
